5500 0.00000
5600 0.00000
5700 0.00000
5800 0.05328
5900 0.38511
6000 0.66240
6100 0.75772
6200 0.79039
6300 0.79938
6400 0.81653
6500 0.82471
6600 0.83288
6700 0.84106
6800 0.84832
6900 0.85468
7000 0.86195
7100 0.86740
7200 0.87285
7300 0.87830
7400 0.88284
7500 0.88738
7600 0.89101
7700 0.89463
7800 0.89733
7900 0.90001
8000 0.90171
8100 0.90328
8200 0.90461
8300 0.90462
8400 0.90393
8500 0.90215
8600 0.89783
8700 0.89120
8800 0.88143
8900 0.86672
9000 0.84702
9100 0.82143
9200 0.78923
9300 0.74919
9400 0.70206
9500 0.64883
9600 0.58896
9700 0.52440
9800 0.45684
9900 0.38783
10000 0.32037
10100 0.25618
10200 0.19734
10300 0.14568
10400 0.10272
10500 0.06334
10600 0.03806
10700 0.02062
10800 0.00000
